# Camera parameter file. 

# The format of each camera is as follows:
# Filename (of the undistorted image in visualize folder)
# Original filename
# Focal Length (of the undistorted image)
# 2-vec Principal Point (image center)
# 3-vec Translation T (as in P = K[R T])
# 3-vec Camera Position C (as in P = K[R -RC])
# 3-vec Axis Angle format of R
# 4-vec Quaternion format of R
# 3x3 Matrix format of R
# [Normalized radial distortion] = [radial distortion] * [focal length]^2
# 3-vec Lat/Lng/Alt from EXIF

# The nubmer of cameras in this reconstruction
8

00000000.jpg
D:\CentroGEO\Cuatrimestres\4to_cuatrimestre\Nube_puntos\Tarea2\mandibula2\IMG_2000.JPG
14887.65625
3000 2000
0.0060296605378 -0.131001194592 0.415131584439
-0.0108864139507 0.321422881537 -0.293428892589
-0.525408876054 -0.00396873212805 -0.0147577374768
0.965662370658 -0.259690615331 -0.00196160083202 -0.0072942161827
0.999885844092 0.0151063005882 0
-0.0130686997761 0.865014980653 0.501575298325
0.00757697643893 -0.501518522628 0.865114431677
0.0907160153635
0 0 0

00000001.jpg
D:\CentroGEO\Cuatrimestres\4to_cuatrimestre\Nube_puntos\Tarea2\mandibula2\IMG_2004.JPG
14567.9921875
3000 2000
-0.705736431344 0.26234024309 0.979712183135
0.960231642884 0.00138490748179 -0.777608314689
-0.339659591663 0.291718079623 0.0470473630484
0.974771648497 -0.168399203995 0.14463036995 0.0233255255611
0.957076290562 -0.094185493296 0.27410724048
-0.00323724928294 0.942194862295 0.335048612116
-0.289819096078 -0.321554466619 0.901447913996
0.0112927850027
0 0 0

00000002.jpg
D:\CentroGEO\Cuatrimestres\4to_cuatrimestre\Nube_puntos\Tarea2\mandibula2\IMG_1998.JPG
15752.8730469
3000 2000
-0.269318303047 -0.198206204603 -0.334692986306
0.209743074978 5.55111512313e-017 0.42408167265
-0.573591781648 0.124736716113 -0.105698899588
0.955861190442 -0.282563732236 0.0614480074148 -0.0520695667481
0.987025596966 0.0648166562083 0.146897456963
-0.134268456022 0.834892882961 0.533784169514
-0.088045605108 -0.546582652369 0.832763981647
0.137564036491
0 0 0

00000003.jpg
D:\CentroGEO\Cuatrimestres\4to_cuatrimestre\Nube_puntos\Tarea2\mandibula2\IMG_2005.JPG
14502.578125
3000 2000
-0.821992626894 0.23408834303 0.957139258253
1.06862659678 0 -0.710367232394
-0.368459665923 0.301571600273 0.0821828275817
0.970958937459 -0.18244294603 0.149323294465 0.0406928588494
0.952093728716 -0.133508202806 0.275125379283
0.0245361771566 0.930117221341 0.36644195094
-0.304821770042 -0.342136485159 0.888834082873
0.0388952554507
0 0 0

00000004.jpg
D:\CentroGEO\Cuatrimestres\4to_cuatrimestre\Nube_puntos\Tarea2\mandibula2\IMG_2002.JPG
14734.6894531
3000 2000
0.233161568113 0.168622088872 0.792967284383
-0.281007973845 0.0956546268196 -0.789607205568
-0.389794975836 -0.0681770643365 -0.18828787389
0.976090787493 -0.193341716051 -0.0338164199933 -0.0933924316791
0.980268441111 0.195395249825 -0.0299024888284
-0.169242718909 0.907793565546 0.383754473117
0.102129095258 -0.371121798386 0.922950895059
0.0807108469001
0 0 0

00000005.jpg
D:\CentroGEO\Cuatrimestres\4to_cuatrimestre\Nube_puntos\Tarea2\mandibula2\IMG_2001.JPG
13717.1210938
3000 2000
0.893877271264 0.102847922396 1.04839650045
-1.11909713878 0 -0.810154796326
-0.413216489698 -0.251600359646 -0.282016326527
0.961057424354 -0.203919264298 -0.124162906165 -0.139172959596
0.930429207212 0.318144841188 -0.181895352633
-0.21686798317 0.87809524016 0.426516344064
0.295415378562 -0.357396147626 0.886001044255
0.0496530828107
0 0 0

00000006.jpg
D:\CentroGEO\Cuatrimestres\4to_cuatrimestre\Nube_puntos\Tarea2\mandibula2\IMG_1999.JPG
15319.7060547
3000 2000
0.433362466445 -0.222492204582 -0.401707107629
-0.386178450166 -0.109265814416 0.487443812402
-0.552710678084 -0.126624471195 -0.185797137802
0.955823760282 -0.272273779825 -0.0623771617909 -0.0915265273419
0.975464242846 0.208933820574 -0.0694026101569
-0.140999097544 0.834979785833 0.531909794197
0.169083683198 -0.509073198036 0.843952214199
0.113379324216
0 0 0

00000007.jpg
D:\CentroGEO\Cuatrimestres\4to_cuatrimestre\Nube_puntos\Tarea2\mandibula2\IMG_2003.JPG
14584.8427734
3000 2000
0.413632578854 0.199684976512 0.740239112764
-0.453102117226 -0.00074619132154 -0.744055118506
-0.369294851224 -0.0767221870969 -0.180070895798
0.978243014773 -0.183306349359 -0.0380824806654 -0.0893815292174
0.98112124337 0.188835239159 -0.0417394359855
-0.160912187268 0.916819438396 0.365444037383
0.107276246799 -0.351828585912 0.929896902044
0.0513405524583
0 0 0

